 161 108  21 166 115  74 123 150  74  95  37 107  17  51  73 139
  37 220  41 151 120  47  35 109 213 230 251  76  48 241 187 111
  50 255 193 161  68 192 155 141  59  10 197 155 209 173 218 107
 141  72 132 236 251 102 154   5 234  82 186 201 198 166 196  81
 176 189 203 181 229 240   5 127 207 141 181  12   2   7  58 170
 219 212  51  11 167  74  22  38 247 128 211 133 216 149 133  35
 249 154  51 146 184 197 171 104  41  64 148  81 185  52  57 207
 135 163 244  47  72 199 243 177  79  75 206 239 178 221  67 124
 222 227  30 168 129 136 111 147 246 170 169 158  84   7 193  46
 212  22 187  10  67 231
